=============================================================
REFERTO DI sonda.drv - EX-OS
=============================================================
EX OS (Extensible Operating System)
Copyright (C) 2025 Graziano Falcone <exagonx@hotmail.com>
Licenza: GPL 2.0 (GNU General Public License)
Versione: 0.212 (x86 32-bit)
video: framebuffer 0xe8000000  800x600  32 bit  passo 3200

! DUE REFERTI, NON UNO. Questo e' lo stato in cui il BIOS ha
  lasciato la scheda per QUESTA modalita'. Prendine un altro
  nell'altra (svga.drv testo / svga.drv 800x600, poi riavvio):
  la differenza fra i due dice come si passa da una
  all'altra, ed e' quella che serve per il modeset nativo.

=============================================================
[PCI] tutti i dispositivi, 256 byte di configurazione ciascuno
=============================================================
! il ponte nord e' 00:00.0: e' lui a dire se questo chipset e'
  un 661, un 741, un 760 o un 761 - la VGA integrata li chiama
  tutti 6330 e da sola non basta a distinguerli.

--- 00:00.0  1039:0760  rev 03  classe 060000
    sottosistema 0000:0000   irq 00   comando 0007
    BAR0  memoria 0xe0000000
    cfg 00: 39 10 60 07 07 00 10 22 03 00 00 06 00 40 00 00
    cfg 10: 00 00 00 e0 00 00 00 00 00 00 00 00 00 00 00 00
    cfg 20: 00 00 00 00 00 00 00 00 00 00 00 00 00 00 00 00
    cfg 30: 00 00 00 00 a0 00 00 00 00 00 00 00 00 00 00 00
    cfg 40: 36 00 88 97 00 ff 00 a0 00 10 00 00 71 00 0e 00
    cfg 50: 00 00 00 00 00 00 00 00 00 00 00 00 00 00 00 00
    cfg 60: 00 00 00 00 00 00 00 00 00 00 00 00 00 00 00 00
    cfg 70: bf 9f 80 01 00 02 00 00 00 00 00 00 00 00 25 80
    cfg 80: 00 00 10 00 00 00 14 c8 00 00 00 10 00 0b 00 0c
    cfg 90: 00 00 00 00 00 00 00 00 00 00 00 00 00 00 00 00
    cfg a0: 02 d0 30 00 1b 4e 00 1f 00 02 00 00 00 00 00 00
    cfg b0: 00 00 00 00 38 0f 01 00 00 00 00 00 00 00 00 00
    cfg c0: 00 00 00 00 00 00 00 00 00 00 00 00 00 00 00 00
    cfg d0: 08 f0 20 01 60 00 11 11 d0 00 77 77 22 05 35 00
    cfg e0: 02 00 00 00 00 00 00 00 00 00 00 00 00 00 00 00
    cfg f0: 08 00 00 80 11 80 17 00 00 00 00 00 aa aa 99 00

--- 00:01.0  1039:0002  rev 00  classe 060400
    sottosistema 0000:0000   irq ff   comando 0007
    BAR2  memoria 0x44010100
    BAR3  memoria 0x0220a0a0
    BAR4  memoria 0xe210e210
    BAR5  memoria 0xeff0e800
    cfg 00: 39 10 02 00 07 00 20 02 00 00 04 06 00 63 01 00
    cfg 10: 00 00 00 00 00 00 00 00 00 01 01 44 a0 a0 20 02
    cfg 20: 10 e2 10 e2 00 e8 f0 ef 00 00 00 00 00 00 00 00
    cfg 30: 00 00 00 00 00 00 00 00 00 00 00 00 ff 00 0c 00
    cfg 40: 00 00 00 00 00 00 00 00 00 00 00 00 00 00 00 00
    cfg 50: 02 40 00 00 09 00 80 00 0c 00 00 00 00 00 00 00
    cfg 60: b0 02 60 60 aa 10 00 00 23 23 18 15 00 00 08 00
    cfg 70: 00 00 00 00 00 00 00 00 00 00 00 00 00 00 00 00
    cfg 80: 00 00 00 00 00 00 00 00 00 00 00 00 00 00 00 00
    cfg 90: 00 00 00 00 00 00 00 00 00 00 00 00 00 00 00 00
    cfg a0: 00 00 00 00 00 00 00 00 00 00 00 00 00 00 00 00
    cfg b0: 00 00 00 00 00 00 00 00 00 00 00 00 00 00 00 00
    cfg c0: 00 08 18 00 02 88 45 28 00 00 00 00 00 21 00 00
    cfg d0: 00 00 00 00 00 00 00 00 00 00 00 00 00 00 00 00
    cfg e0: 00 00 00 00 00 00 00 00 00 00 00 00 00 00 00 00
    cfg f0: 00 00 00 00 00 00 00 00 00 00 00 00 15 18 15 18

--- 00:02.0  1039:0008  rev 25  classe 060100
    sottosistema 0000:0000   irq 00   comando 000f
    cfg 00: 39 10 08 00 0f 00 00 02 25 00 01 06 00 00 80 00
    cfg 10: 00 00 00 00 00 00 00 00 00 00 00 00 00 00 00 00
    cfg 20: 00 00 00 00 00 00 00 00 00 00 00 00 00 00 00 00
    cfg 30: 00 00 00 00 00 00 00 00 00 00 00 00 00 00 00 00
    cfg 40: 9a 07 04 05 03 40 3c f1 10 00 00 00 11 20 04 01
    cfg 50: 11 28 02 01 20 0b 20 0b bb 2e 12 00 0b e9 b0 00
    cfg 60: 09 0b 80 0a ff c1 33 12 80 80 00 46 97 00 02 11
    cfg 70: 05 00 ff ff 00 80 00 3c 82 00 00 80 00 00 00 40
    cfg 80: 00 00 00 00 00 00 00 00 00 00 00 00 00 00 00 00
    cfg 90: ff 00 00 00 00 00 00 00 00 00 00 00 00 00 00 00
    cfg a0: 00 00 00 00 00 00 00 00 00 00 00 00 00 00 00 00
    cfg b0: 00 00 00 00 00 00 00 00 00 00 00 00 00 00 00 00
    cfg c0: 01 00 07 0c 00 00 00 00 bf 9f 80 01 00 00 00 41
    cfg d0: 20 0d 00 01 22 62 32 00 85 00 04 2b aa aa aa aa
    cfg e0: 40 00 00 f8 42 20 44 00 fb 70 00 00 00 00 00 00
    cfg f0: 0a 00 00 00 00 00 00 00 00 00 00 00 00 00 00 00

--- 00:02.5  1039:5513  rev 00  classe 01018a
    sottosistema 1025:0083   irq ff   comando 0005
    BAR0  porte   0x01f0
    BAR1  porte   0x03f4
    BAR2  porte   0x0170
    BAR3  porte   0x0374
    BAR4  porte   0x2000
    cfg 00: 39 10 13 55 05 00 00 02 00 8a 01 01 00 80 00 00
    cfg 10: f1 01 00 00 f5 03 00 00 71 01 00 00 75 03 00 00
    cfg 20: 01 20 00 00 00 00 00 00 00 00 00 00 25 10 83 00
    cfg 30: 00 00 00 00 00 00 00 00 00 00 00 00 ff 01 00 00
    cfg 40: 00 00 00 00 00 00 00 00 00 00 06 00 00 00 00 00
    cfg 50: fa 04 fa 04 2a 96 d5 c0 00 00 00 00 00 00 00 00
    cfg 60: ff aa ff aa 00 00 00 00 00 00 00 00 00 00 00 00
    cfg 70: 17 21 06 04 00 00 00 00 56 23 06 04 00 00 00 00
    cfg 80: 00 00 00 00 00 00 00 00 00 00 00 00 00 00 00 00
    cfg 90: 00 00 00 00 00 00 00 00 00 00 00 00 00 00 00 00
    cfg a0: 00 00 00 00 00 00 00 00 00 00 00 00 00 00 00 00
    cfg b0: 00 00 00 00 00 00 00 00 00 00 00 00 00 00 00 00
    cfg c0: 00 00 00 00 00 00 00 00 00 00 00 00 00 00 00 00
    cfg d0: 00 00 00 00 00 00 00 00 00 00 00 00 00 00 00 00
    cfg e0: 00 00 00 00 00 00 00 00 00 00 00 00 00 00 00 00
    cfg f0: 00 00 00 00 00 00 00 00 00 00 00 00 00 00 00 00

--- 00:02.6  1039:7013  rev a0  classe 070300
    sottosistema 1025:0083   irq 05   comando 0001
    BAR0  porte   0x1000
    BAR1  porte   0x1c00
    cfg 00: 39 10 13 70 01 00 90 02 a0 00 03 07 00 ad 00 00
    cfg 10: 01 10 00 00 01 1c 00 00 00 00 00 00 00 00 00 00
    cfg 20: 00 00 00 00 00 00 00 00 00 00 00 00 25 10 83 00
    cfg 30: 00 00 00 00 48 00 00 00 00 00 00 00 05 03 34 0b
    cfg 40: 02 00 00 00 00 00 00 00 01 00 42 c6 00 00 00 00
    cfg 50: 00 00 00 00 00 00 00 00 00 00 00 00 00 00 00 00
    cfg 60: 00 00 00 00 00 00 00 00 00 00 00 00 00 00 00 00
    cfg 70: 00 00 00 00 00 00 00 00 00 00 00 00 00 00 00 00
    cfg 80: 00 00 00 00 00 00 00 00 00 00 00 00 00 00 00 00
    cfg 90: 00 00 00 00 00 00 00 00 00 00 00 00 00 00 00 00
    cfg a0: 00 00 00 00 00 00 00 00 00 00 00 00 00 00 00 00
    cfg b0: 00 00 00 00 00 00 00 00 00 00 00 00 00 00 00 00
    cfg c0: 00 00 00 00 00 00 00 00 00 00 00 00 00 00 00 00
    cfg d0: 00 00 00 00 00 00 00 00 00 00 00 00 00 00 00 00
    cfg e0: 00 00 00 00 00 00 00 00 00 00 00 00 00 00 00 00
    cfg f0: 02 00 00 00 00 00 00 00 00 00 00 00 00 00 00 00

--- 00:02.7  1039:7012  rev a0  classe 040100
    sottosistema 1025:0083   irq 05   comando 0001
    BAR0  porte   0x1400
    BAR1  porte   0x1c80
    cfg 00: 39 10 12 70 01 00 90 02 a0 00 01 04 00 ad 00 00
    cfg 10: 01 14 00 00 81 1c 00 00 00 00 00 00 00 00 00 00
    cfg 20: 00 00 00 00 00 00 00 00 00 00 00 00 25 10 83 00
    cfg 30: 00 00 00 00 48 00 00 00 00 00 00 00 05 03 34 0b
    cfg 40: 04 00 00 00 00 00 00 00 01 00 42 c6 00 00 00 00
    cfg 50: 00 00 00 00 00 00 00 00 00 00 00 00 00 00 00 00
    cfg 60: 00 00 00 00 00 00 00 00 00 00 00 00 00 00 00 00
    cfg 70: 00 00 00 00 00 00 00 00 00 00 00 00 00 00 00 00
    cfg 80: 00 00 00 00 00 00 00 00 00 00 00 00 00 00 00 00
    cfg 90: 00 00 00 00 00 00 00 00 00 00 00 00 00 00 00 00
    cfg a0: 00 00 00 00 00 00 00 00 00 00 00 00 00 00 00 00
    cfg b0: 00 00 00 00 00 00 00 00 00 00 00 00 00 00 00 00
    cfg c0: 00 00 00 00 00 00 00 00 00 00 00 00 00 00 00 00
    cfg d0: 00 00 00 00 00 00 00 00 00 00 00 00 00 00 00 00
    cfg e0: 00 00 00 00 00 00 00 00 00 00 00 00 00 00 00 00
    cfg f0: 02 00 00 00 00 00 00 00 00 00 00 00 00 00 00 00

--- 00:03.0  1039:7001  rev 0f  classe 0c0310
    sottosistema 1025:0083   irq 09   comando 0017
    BAR0  memoria 0xe2002000
    cfg 00: 39 10 01 70 17 00 80 02 0f 10 03 0c 00 40 80 00
    cfg 10: 00 20 00 e2 00 00 00 00 00 00 00 00 00 00 00 00
    cfg 20: 00 00 00 00 00 00 00 00 00 00 00 00 25 10 83 00
    cfg 30: 00 00 00 00 00 00 00 00 00 00 00 00 09 01 00 50
    cfg 40: 00 00 00 00 5c ae 01 00 37 02 00 00 00 00 00 00
    cfg 50: 00 00 00 00 00 00 00 00 00 00 00 00 00 00 00 00
    cfg 60: 00 00 00 00 00 00 00 00 00 00 00 00 00 00 00 00
    cfg 70: 00 00 00 00 00 00 00 00 00 00 00 00 00 00 00 00
    cfg 80: 00 00 00 00 00 00 00 00 00 00 00 00 00 00 00 00
    cfg 90: 00 00 00 00 00 00 00 00 00 00 00 00 00 00 00 00
    cfg a0: 00 00 00 00 00 00 00 00 00 00 00 00 00 00 00 00
    cfg b0: 00 00 00 00 00 00 00 00 00 00 00 00 00 00 00 00
    cfg c0: 00 00 00 00 00 00 00 00 00 00 00 00 00 00 00 00
    cfg d0: 00 00 00 00 00 00 00 00 00 00 00 00 01 00 c2 c9
    cfg e0: 00 00 00 00 00 00 00 00 00 00 00 00 00 00 00 00
    cfg f0: 00 00 00 00 00 00 00 00 00 00 00 00 00 00 00 00

--- 00:03.1  1039:7001  rev 0f  classe 0c0310
    sottosistema 1025:0083   irq 0b   comando 0017
    BAR0  memoria 0xe2003000
    cfg 00: 39 10 01 70 17 00 80 02 0f 10 03 0c 00 40 00 00
    cfg 10: 00 30 00 e2 00 00 00 00 00 00 00 00 00 00 00 00
    cfg 20: 00 00 00 00 00 00 00 00 00 00 00 00 25 10 83 00
    cfg 30: 00 00 00 00 00 00 00 00 00 00 00 00 0b 02 00 50
    cfg 40: 00 00 00 00 5c ae 01 00 3f 02 00 00 00 00 00 00
    cfg 50: 00 00 00 00 00 00 00 00 00 00 00 00 00 00 00 00
    cfg 60: 00 00 00 00 00 00 00 00 00 00 00 00 00 00 00 00
    cfg 70: 00 00 00 00 00 00 00 00 00 00 00 00 00 00 00 00
    cfg 80: 00 00 00 00 00 00 00 00 00 00 00 00 00 00 00 00
    cfg 90: 00 00 00 00 00 00 00 00 00 00 00 00 00 00 00 00
    cfg a0: 00 00 00 00 00 00 00 00 00 00 00 00 00 00 00 00
    cfg b0: 00 00 00 00 00 00 00 00 00 00 00 00 00 00 00 00
    cfg c0: 00 00 00 00 00 00 00 00 00 00 00 00 00 00 00 00
    cfg d0: 00 00 00 00 00 00 00 00 00 00 00 00 01 00 c2 c9
    cfg e0: 00 00 00 00 00 00 00 00 00 00 00 00 00 00 00 00
    cfg f0: 00 00 00 00 00 00 00 00 00 00 00 00 00 00 00 00

--- 00:03.2  1039:7002  rev 00  classe 0c0320
    sottosistema 1025:0083   irq 0a   comando 0006
    BAR0  memoria 0xe2004000
    cfg 00: 39 10 02 70 06 00 90 02 00 20 03 0c 00 40 00 00
    cfg 10: 00 40 00 e2 00 00 00 00 00 00 00 00 00 00 00 00
    cfg 20: 00 00 00 00 00 00 00 00 00 00 00 00 25 10 83 00
    cfg 30: 00 00 00 00 50 00 00 00 00 00 00 00 0a 04 00 50
    cfg 40: 00 00 00 08 00 00 00 00 00 00 00 00 00 00 00 00
    cfg 50: 01 00 c2 c9 00 00 00 00 0a 00 00 21 00 00 00 00
    cfg 60: 20 20 7f 00 00 00 00 00 00 00 00 00 00 00 00 00
    cfg 70: 01 00 00 00 00 00 0c c0 00 00 00 00 00 00 00 00
    cfg 80: 00 00 00 00 00 00 00 00 00 00 00 00 00 00 00 00
    cfg 90: 00 00 00 00 00 00 00 00 00 00 00 00 00 00 00 00
    cfg a0: 00 00 00 00 00 00 00 00 00 00 00 00 00 00 00 00
    cfg b0: 00 00 00 00 00 00 00 00 00 00 00 00 00 00 00 00
    cfg c0: 00 00 00 00 00 00 00 00 00 00 00 00 00 00 00 00
    cfg d0: 00 00 00 00 00 00 00 00 00 00 00 00 00 00 00 00
    cfg e0: 00 00 00 00 00 00 00 00 00 00 00 00 00 00 00 00
    cfg f0: 00 00 00 00 00 00 00 00 00 00 00 00 00 00 00 00

--- 00:04.0  1039:0900  rev 91  classe 020000
    sottosistema 1025:0083   irq 03   comando 0007
    BAR0  porte   0x1800
    BAR1  memoria 0xe2005000
    cfg 00: 39 10 00 09 07 00 90 02 91 00 00 02 00 ad 00 00
    cfg 10: 01 18 00 00 00 50 00 e2 00 00 00 00 00 00 00 00
    cfg 20: 00 00 00 00 00 00 00 00 00 00 00 00 25 10 83 00
    cfg 30: 00 00 00 00 40 00 00 00 00 00 00 00 03 01 34 0b
    cfg 40: 01 00 02 fe 00 01 00 00 00 00 00 00 00 00 00 00
    cfg 50: 01 00 00 00 00 00 00 00 00 00 00 00 00 00 00 00
    cfg 60: 00 00 00 00 00 00 00 00 00 00 00 00 00 00 00 00
    cfg 70: 00 00 00 00 00 00 00 00 00 00 00 00 00 00 00 00
    cfg 80: 00 00 00 00 00 00 00 00 00 00 00 00 00 00 00 00
    cfg 90: 00 00 00 00 00 00 00 00 00 00 00 00 00 00 00 00
    cfg a0: 00 00 00 00 00 00 00 00 00 00 00 00 00 00 00 00
    cfg b0: 00 00 00 00 00 00 00 00 00 00 00 00 00 00 00 00
    cfg c0: 00 00 00 00 00 00 00 00 00 00 00 00 00 00 00 00
    cfg d0: 00 00 00 00 00 00 00 00 00 00 00 00 00 00 00 00
    cfg e0: 00 00 00 00 00 00 00 00 00 00 00 00 00 00 00 00
    cfg f0: 91 00 00 00 00 00 00 00 00 00 00 00 00 00 00 00

--- 00:06.0  104c:ac50  rev 02  classe 060700
    sottosistema 0000:0000   irq ff   comando 0000
    BAR1  memoria 0x020000a0
    cfg 00: 4c 10 50 ac 00 00 10 02 02 00 07 06 00 40 02 00
    cfg 10: 00 00 00 00 a0 00 00 02 00 00 00 00 00 00 00 00
    cfg 20: 00 00 00 00 00 00 00 00 00 00 00 00 00 00 00 00
    cfg 30: 00 00 00 00 00 00 00 00 00 00 00 00 ff 01 40 03
    cfg 40: 25 10 83 00 e1 03 00 00 00 00 00 00 00 00 00 00
    cfg 50: 00 00 00 00 00 00 00 00 00 00 00 00 00 00 00 00
    cfg 60: 00 00 00 00 00 00 00 00 00 00 00 00 00 00 00 00
    cfg 70: 00 00 00 00 00 00 00 00 00 00 00 00 00 00 00 00
    cfg 80: 60 d0 44 08 00 00 00 00 00 00 00 00 22 1d 52 00
    cfg 90: c0 02 64 61 00 00 00 00 00 00 00 00 00 00 00 00
    cfg a0: 01 00 11 fe 00 01 c0 00 1e 00 00 00 1f 00 00 00
    cfg b0: 00 00 00 00 00 00 00 00 00 00 00 00 00 00 00 00
    cfg c0: 00 00 00 00 00 00 00 00 00 00 00 00 00 00 00 00
    cfg d0: 00 00 00 00 00 00 00 00 00 00 00 00 00 00 00 00
    cfg e0: 00 00 00 00 00 00 00 00 00 00 00 00 00 00 00 00
    cfg f0: 00 00 00 00 00 00 00 00 00 00 00 00 00 00 00 00

--- 00:0b.0  14e4:4318  rev 02  classe 028000
    sottosistema 1468:0312   irq 04   comando 0002
    BAR0  memoria 0xe2000000
    cfg 00: e4 14 18 43 02 00 00 00 02 00 80 02 00 40 00 00
    cfg 10: 00 00 00 e2 00 00 00 00 00 00 00 00 00 00 00 00
    cfg 20: 00 00 00 00 00 00 00 00 00 00 00 00 68 14 12 03
    cfg 30: 00 00 00 00 00 00 00 00 00 00 00 00 04 01 00 00
    cfg 40: 01 00 c2 07 00 40 00 00 00 00 00 00 00 00 00 00
    cfg 50: 00 00 00 00 00 00 00 00 00 00 00 00 00 00 00 00
    cfg 60: 00 00 00 00 00 00 00 00 00 00 00 00 00 00 00 00
    cfg 70: 00 00 00 00 00 00 00 00 00 00 00 00 00 00 00 00
    cfg 80: 00 10 00 18 00 00 00 00 00 00 00 00 03 00 00 00
    cfg 90: 00 00 00 00 00 02 00 00 00 00 00 00 00 00 00 00
    cfg a0: 00 00 00 00 00 00 00 00 00 00 00 00 00 00 00 00
    cfg b0: 00 00 00 00 00 00 00 00 00 00 00 00 00 00 00 00
    cfg c0: 00 00 00 00 00 00 00 00 00 00 00 00 00 00 00 00
    cfg d0: 00 00 00 00 00 00 00 00 00 00 00 00 00 00 00 00
    cfg e0: 00 00 00 00 00 00 00 00 00 00 00 00 00 00 00 00
    cfg f0: 00 00 00 00 00 00 00 00 00 00 00 00 00 00 00 00

--- 00:18.0  1022:1100  rev 00  classe 060000
    sottosistema 0000:0000   irq 00   comando 0000
    cfg 00: 22 10 00 11 00 00 10 00 00 00 00 06 00 00 80 00
    cfg 10: 00 00 00 00 00 00 00 00 00 00 00 00 00 00 00 00
    cfg 20: 00 00 00 00 00 00 00 00 00 00 00 00 00 00 00 00
    cfg 30: 00 00 00 00 80 00 00 00 00 00 00 00 00 00 00 00
    cfg 40: 01 01 01 00 01 01 01 00 01 01 01 00 01 01 01 00
    cfg 50: 01 01 01 00 01 01 01 00 01 01 01 00 01 01 01 00
    cfg 60: 00 00 00 00 e4 00 00 00 0f cc 00 0f 1c 00 00 00
    cfg 70: 00 00 00 00 00 00 00 00 00 00 00 00 00 00 00 00
    cfg 80: 08 00 01 21 20 a0 11 11 22 05 75 80 02 00 00 00
    cfg 90: 5a 01 52 01 00 00 ff 00 07 00 00 00 00 00 00 00
    cfg a0: 00 00 00 00 00 00 00 00 00 00 00 00 00 00 00 00
    cfg b0: 00 00 00 00 00 00 00 00 00 00 00 00 00 00 00 00
    cfg c0: 00 00 00 00 00 00 00 00 00 00 00 00 00 00 00 00
    cfg d0: 00 00 00 00 00 00 00 00 00 00 00 00 00 00 00 00
    cfg e0: 00 00 00 00 00 00 00 00 00 00 00 00 00 00 00 00
    cfg f0: 00 00 00 00 00 00 00 00 00 00 00 00 00 00 00 00

--- 00:18.1  1022:1101  rev 00  classe 060000
    sottosistema 0000:0000   irq 00   comando 0000
    cfg 00: 22 10 01 11 00 00 00 00 00 00 00 06 00 00 80 00
    cfg 10: 00 00 00 00 00 00 00 00 00 00 00 00 00 00 00 00
    cfg 20: 00 00 00 00 00 00 00 00 00 00 00 00 00 00 00 00
    cfg 30: 00 00 00 00 00 00 00 00 00 00 00 00 00 00 00 00
    cfg 40: 03 00 00 00 00 00 0f 00 00 00 00 00 01 00 00 00
    cfg 50: 00 00 00 00 02 00 00 00 00 00 00 00 03 00 00 00
    cfg 60: 00 00 00 00 04 00 00 00 00 00 00 00 05 00 00 00
    cfg 70: 00 00 00 00 06 00 00 00 00 00 00 00 07 00 00 00
    cfg 80: 00 00 00 00 00 00 00 00 00 00 00 00 00 00 00 00
    cfg 90: 00 00 00 00 00 00 00 00 00 00 00 00 00 00 00 00
    cfg a0: 00 00 00 00 00 00 00 00 00 00 00 00 00 00 00 00
    cfg b0: 03 0a 00 00 00 0b 00 00 03 00 10 00 00 0b fe 00
    cfg c0: 00 00 00 00 00 00 00 00 13 00 00 00 00 f0 0f 00
    cfg d0: 00 00 00 00 00 00 00 00 00 00 00 00 00 00 00 00
    cfg e0: 03 00 00 ff 64 01 fd 7b 74 00 c5 c1 74 01 bd 7e
    cfg f0: 00 00 00 00 00 00 00 00 00 00 00 00 00 00 00 00

--- 00:18.2  1022:1102  rev 00  classe 060000
    sottosistema 0000:0000   irq 00   comando 0000
    cfg 00: 22 10 02 11 00 00 00 00 00 00 00 06 00 00 80 00
    cfg 10: 00 00 00 00 00 00 00 00 00 00 00 00 00 00 00 00
    cfg 20: 00 00 00 00 00 00 00 00 00 00 00 00 00 00 00 00
    cfg 30: 00 00 00 00 00 00 00 00 00 00 00 00 00 00 00 00
    cfg 40: 00 00 00 80 00 00 00 80 01 00 00 00 01 04 00 00
    cfg 50: 00 00 00 80 00 00 00 80 00 00 00 80 00 00 00 80
    cfg 60: 00 00 00 00 00 00 00 00 00 fa e0 00 00 fa e0 00
    cfg 70: 00 00 00 00 00 00 00 00 00 00 00 00 00 00 00 00
    cfg 80: 20 00 00 00 00 00 00 00 35 33 72 13 30 0a 00 00
    cfg 90: 80 cc 0c 9e 06 08 5b 0a 00 00 00 10 c2 0f 02 00
    cfg a0: 00 00 00 00 00 00 00 00 00 00 00 00 00 00 00 00
    cfg b0: d1 b0 b7 50 26 00 00 00 10 eb 80 66 f5 ee 08 32
    cfg c0: 00 00 03 00 00 00 00 00 00 00 00 00 00 00 00 00
    cfg d0: 58 03 1c ad 5d 8e 04 68 e0 55 8a 17 91 ad 19 12
    cfg e0: 75 b0 94 fa 9c 1c a5 6c 68 03 b3 07 0c 11 84 58
    cfg f0: 00 00 00 00 00 00 00 00 00 00 00 00 00 00 00 00

--- 00:18.3  1022:1103  rev 00  classe 060000
    sottosistema 0000:0000   irq 00   comando 0000
    cfg 00: 22 10 03 11 00 00 00 00 00 00 00 06 00 00 80 00
    cfg 10: 00 00 00 00 00 00 00 00 00 00 00 00 00 00 00 00
    cfg 20: 00 00 00 00 00 00 00 00 00 00 00 00 00 00 00 00
    cfg 30: 00 00 00 00 00 00 00 00 00 00 00 00 00 00 00 00
    cfg 40: 00 00 00 00 40 00 00 02 00 00 00 00 00 00 00 00
    cfg 50: 10 0c 00 28 80 00 00 00 00 00 00 00 c0 b3 5b ca
    cfg 60: 04 00 00 00 00 00 00 00 40 00 00 00 00 00 00 00
    cfg 70: 11 01 32 51 21 40 70 50 00 2a 00 08 18 21 00 00
    cfg 80: 31 33 07 33 13 31 13 31 00 00 00 00 00 00 00 00
    cfg 90: 00 00 00 00 70 00 00 00 00 00 00 00 00 00 00 00
    cfg a0: 00 00 00 00 00 00 00 00 00 00 00 00 00 00 00 00
    cfg b0: 00 00 00 00 00 00 00 00 37 00 00 a0 00 00 00 00
    cfg c0: 00 00 00 00 00 00 00 00 00 00 00 00 00 00 00 00
    cfg d0: 00 00 00 00 01 a7 0d 00 00 00 80 00 25 25 25 00
    cfg e0: 00 00 00 00 20 12 6d 00 08 05 00 00 00 00 00 00
    cfg f0: 00 00 00 00 00 00 00 00 00 00 00 00 00 00 00 00

--- 01:00.0  1039:6330  rev 00  classe 030000
    sottosistema 1025:0083   irq 07   comando 0003
    BAR0  memoria 0xe8000000  (prefetch)
    BAR1  memoria 0xe2100000
    BAR2  porte   0xa000
    cfg 00: 39 10 30 63 03 00 30 02 00 00 00 03 00 00 00 80
    cfg 10: 08 00 00 e8 00 00 10 e2 01 a0 00 00 00 00 00 00
    cfg 20: 00 00 00 00 00 00 00 00 00 00 00 00 25 10 83 00
    cfg 30: 00 00 00 00 40 00 00 00 00 00 00 00 07 01 00 00
    cfg 40: 01 50 02 06 00 00 00 00 00 00 00 00 00 00 00 00
    cfg 50: 02 00 30 00 0b 02 00 ff 00 00 00 00 00 00 00 00
    cfg 60: 00 00 00 00 00 00 00 00 00 00 00 00 00 00 00 00
    cfg 70: 00 00 00 00 00 00 00 00 00 00 00 00 00 00 00 00
    cfg 80: 00 00 00 00 00 00 00 00 00 00 00 00 00 00 00 00
    cfg 90: 00 00 00 00 00 00 00 00 00 00 00 00 00 00 00 00
    cfg a0: 00 00 00 00 00 00 00 00 00 00 00 00 00 00 00 00
    cfg b0: 00 00 00 00 00 00 00 00 00 00 00 00 00 00 00 00
    cfg c0: 00 00 00 00 00 00 00 00 00 00 00 00 00 00 00 00
    cfg d0: 00 00 00 00 00 00 00 00 00 00 00 00 00 00 00 00
    cfg e0: 00 00 00 00 00 00 00 00 00 00 00 00 00 00 00 00
    cfg f0: 00 00 00 00 00 00 00 00 00 00 00 00 00 00 00 00

[PCI] 17 funzioni trovate

=============================================================
[VGA] i registri, come il BIOS li ha lasciati
=============================================================
Misc Output (0x3CC): 2f    CRTC su 0x3d4
Stato 1 (0x3DA): 00   Stato 0 (0x3C2): 10
SR05 prima dello sblocco: a1   dopo: a1   (0xA1 = SiS sbloccata)

! SR 00-3f: 00-04 sono VGA standard, da 05 in su sono SiS
SR 00: 03 01 0f 00 0e a1 12 18 ef 1f 20 00 06 00 61 00
SR 10: 33 0f 00 00 00 03 d5 00 00 00 30 00 00 00 20 c0
SR 20: a0 a3 f3 f6 0d 00 00 74 7c 08 82 4e e4 01 5c 23
SR 30: 82 60 31 10 00 00 00 00 8e 40 02 00 08 01 07 00

! CR 00-18 sono VGA standard, da 19 in su sono SiS
CR 00: 7f 63 63 83 6c 1c 72 f0 00 60 0e 0f 00 00 07 80
CR 10: 58 8c 57 90 4f 57 73 a3 ff 00 5c ff ff ff ff ff
CR 20: ff ff 00 ff 00 ff 20 ff 00 00 00 00 ff ff 00 00
CR 30: 21 06 08 00 63 00 02 c1 20 80 00 00 00 20 00 00
CR 40: 00 00 00 00 00 00 00 fe 30 88 00 00 00 00 00 20
CR 50: 00 00 3f 00 00 00 00 00 00 00 00 00 80 00 00 40
CR 60: 00 00 00 80 00 00 00 00 00 00 00 00 00 00 00 00
CR 70: a0 5a 00 00 00 10 10 00 c3 61 a6 c8 67 00 04 03
CR 80: 00 00 00 00 ff 3e 7f ff 2f df b8 ff 00 00 00 ff
CR 90: 00 00 00 01 00 00 00 00 00 00 00 00 00 00 00 00
CR a0: 00 00 00 00 bf ff bf ff 6f 7f 3f ff 00 00 00 ff
CR b0: 00 00 00 ff ff ff ff ff ff ff ff ff ff ff ff ff
CR c0: 9c d7 ff 00 7f dd f3 01 ff f9 ff 00 ff f5 ff 01
CR d0: 7d f6 fe 01 fa 7d ff 01 dd 3f ef 00 f7 fd f9 01
CR e0: 09 b1 0b 00 00 00 00 00 00 00 00 00 70 37 00 00
CR f0: ff ff ff ed ff ff ff ff ff ff ff ff ff ff ff ff

GR 00: 00 00 00 00 00 00 05 0f ff 00 00 00 00 00 00 00

AR 00: 04 04 04 04 04 04 04 04 04 04 04 04 04 04 04 04
AR 10: 01 00 00 00 00 ff ff ff 01 00 00 00 00 ff ff ff

CR INSTABILI (letto due volte, valori diversi):
CR   indice 24: 00 poi 80
CR   ! non fidarsi di questi: qualcuno li ha toccati mentre leggevamo

! DAC: 256 voci da tre byte (r,g,b), 6 bit per componente
DAC 00: 00 00 00 00 00 2a 00 2a 00 00 2a 2a 2a 00 00 2a
DAC 10: 00 2a 2a 15 00 2a 2a 2a 15 15 15 15 15 3f 15 3f
DAC 20: 15 15 3f 3f 3f 15 15 3f 15 3f 3f 3f 15 3f 3f 3f
DAC 30: 00 00 00 05 05 05 08 08 08 0b 0b 0b 0e 0e 0e 11
DAC 40: 11 11 14 14 14 18 18 18 1c 1c 1c 20 20 20 24 24
DAC 50: 24 28 28 28 2d 2d 2d 32 32 32 38 38 38 3f 3f 3f
DAC 60: 00 00 3f 10 00 3f 1f 00 3f 2f 00 3f 3f 00 3f 3f
DAC 70: 00 2f 3f 00 1f 3f 00 10 3f 00 00 3f 10 00 3f 1f
DAC 80: 00 3f 2f 00 3f 3f 00 2f 3f 00 1f 3f 00 10 3f 00
DAC 90: 00 3f 00 00 3f 10 00 3f 1f 00 3f 2f 00 3f 3f 00
DAC a0: 2f 3f 00 1f 3f 00 10 3f 1f 1f 3f 27 1f 3f 2f 1f
DAC b0: 3f 37 1f 3f 3f 1f 3f 3f 1f 37 3f 1f 2f 3f 1f 27
DAC c0: 3f 1f 1f 3f 27 1f 3f 2f 1f 3f 37 1f 3f 3f 1f 37
DAC d0: 3f 1f 2f 3f 1f 27 3f 1f 1f 3f 1f 1f 3f 27 1f 3f
DAC e0: 2f 1f 3f 37 1f 3f 3f 1f 37 3f 1f 2f 3f 1f 27 3f
DAC f0: 2d 2d 3f 31 2d 3f 36 2d 3f 3a 2d 3f 3f 2d 3f 3f
DAC 100: 2d 3a 3f 2d 36 3f 2d 31 3f 2d 2d 3f 31 2d 3f 36
DAC 110: 2d 3f 3a 2d 3f 3f 2d 3a 3f 2d 36 3f 2d 31 3f 2d
DAC 120: 2d 3f 2d 2d 3f 31 2d 3f 36 2d 3f 3a 2d 3f 3f 2d
DAC 130: 3a 3f 2d 36 3f 2d 31 3f 00 00 1c 07 00 1c 0e 00
DAC 140: 1c 15 00 1c 1c 00 1c 1c 00 15 1c 00 0e 1c 00 07
DAC 150: 1c 00 00 1c 07 00 1c 0e 00 1c 15 00 1c 1c 00 15
DAC 160: 1c 00 0e 1c 00 07 1c 00 00 1c 00 00 1c 07 00 1c
DAC 170: 0e 00 1c 15 00 1c 1c 00 15 1c 00 0e 1c 00 07 1c
DAC 180: 0e 0e 1c 11 0e 1c 15 0e 1c 18 0e 1c 1c 0e 1c 1c
DAC 190: 0e 18 1c 0e 15 1c 0e 11 1c 0e 0e 1c 11 0e 1c 15
DAC 1a0: 0e 1c 18 0e 1c 1c 0e 18 1c 0e 15 1c 0e 11 1c 0e
DAC 1b0: 0e 1c 0e 0e 1c 11 0e 1c 15 0e 1c 18 0e 1c 1c 0e
DAC 1c0: 18 1c 0e 15 1c 0e 11 1c 14 14 1c 16 14 1c 18 14
DAC 1d0: 1c 1a 14 1c 1c 14 1c 1c 14 1a 1c 14 18 1c 14 16
DAC 1e0: 1c 14 14 1c 16 14 1c 18 14 1c 1a 14 1c 1c 14 1a
DAC 1f0: 1c 14 18 1c 14 16 1c 14 14 1c 14 14 1c 16 14 1c
DAC 200: 18 14 1c 1a 14 1c 1c 14 1a 1c 14 18 1c 14 16 1c
DAC 210: 00 00 10 04 00 10 08 00 10 0c 00 10 10 00 10 10
DAC 220: 00 0c 10 00 08 10 00 04 10 00 00 10 04 00 10 08
DAC 230: 00 10 0c 00 10 10 00 0c 10 00 08 10 00 04 10 00
DAC 240: 00 10 00 00 10 04 00 10 08 00 10 0c 00 10 10 00
DAC 250: 0c 10 00 08 10 00 04 10 08 08 10 0a 08 10 0c 08
DAC 260: 10 0e 08 10 10 08 10 10 08 0e 10 08 0c 10 08 0a
DAC 270: 10 08 08 10 0a 08 10 0c 08 10 0e 08 10 10 08 0e
DAC 280: 10 08 0c 10 08 0a 10 08 08 10 08 08 10 0a 08 10
DAC 290: 0c 08 10 0e 08 10 10 08 0e 10 08 0c 10 08 0a 10
DAC 2a0: 0b 0b 10 0c 0b 10 0d 0b 10 0f 0b 10 10 0b 10 10
DAC 2b0: 0b 0f 10 0b 0d 10 0b 0c 10 0b 0b 10 0c 0b 10 0d
DAC 2c0: 0b 10 0f 0b 10 10 0b 0f 10 0b 0d 10 0b 0c 10 0b
DAC 2d0: 0b 10 0b 0b 10 0c 0b 10 0d 0b 10 0f 0b 10 10 0b
DAC 2e0: 0f 10 0b 0d 10 0b 0c 10 00 00 00 00 00 00 00 00
DAC 2f0: 00 00 00 00 00 00 00 00 00 00 00 00 00 00 00 00

=============================================================
[RILOCATA] la finestra a porte della scheda video
=============================================================
base 0xa000, 128 byte letti cosi' come sono.
! su una SiS 315 qui dentro ci sono i registri del ponte video:
  Part1 a +04, Part2 a +10, Part3 a +12, Part4 a +14, Part5 a +16,
  e da +30 in poi una seconda copia delle porte VGA. Sono indici
  e dati: questa lettura grezza mostra solo l'indice corrente,
  i banchi interi li tira fuori -ponte.
REL 00: 3f 00 00 21 00 11 ff ff ff ff ff ff ff ff ff ff
REL 10: 00 3c 14 b7 3a ff 06 3c ff ff ff ff ff ff ff ff
REL 20: ff ff ff ff ff ff ff ff ff ff ff ff ff ff ff ff
REL 30: ff ff ff ff ff ff ff ff ff ff ff ff ff ff ff ff
REL 40: 20 04 10 01 05 21 ff 03 01 00 02 00 2f 00 0f 00
REL 50: ff ff ff ff ff ff ff ff 00 00 00 00 00 00 01 01
REL 60: ff ff ff ff ff ff ff ff ff ff ff ff ff ff ff ff
REL 70: ff ff ff ff ff ff ff ff ff ff ff ff ff ff ff ff
