=============================================================
REFERTO DI sonda.drv - EX-OS
=============================================================
EX OS (Extensible Operating System)
Copyright (C) 2025 Graziano Falcone <exagonx@hotmail.com>
Licenza: GPL 2.0 (GNU General Public License)
Versione: 0.238 (x86 32-bit)
video: MODO TESTO (nessun framebuffer)

! DUE REFERTI, NON UNO. Questo e' lo stato in cui il BIOS ha
  lasciato la scheda per QUESTA modalita'. Prendine un altro
  nell'altra (svga.drv testo / svga.drv 800x600, poi riavvio):
  la differenza fra i due dice come si passa da una
  all'altra, ed e' quella che serve per il modeset nativo.

=============================================================
[PCI] tutti i dispositivi, 256 byte di configurazione ciascuno
=============================================================
! il ponte nord e' 00:00.0: e' lui a dire se questo chipset e'
  un 661, un 741, un 760 o un 761 - la VGA integrata li chiama
  tutti 6330 e da sola non basta a distinguerli.

--- 00:00.0  10de:07c5  rev a2  classe 060000
    sottosistema 1025:0137   irq 00   comando 0006
    cfg 00: de 10 c5 07 06 00 a0 00 a2 00 00 06 00 00 80 00
    cfg 10: 00 00 00 00 00 00 00 00 00 00 00 00 00 00 00 00
    cfg 20: 00 00 00 00 00 00 00 00 00 00 00 00 25 10 37 01
    cfg 30: 00 00 00 00 00 00 00 00 00 00 00 00 00 00 00 00
    cfg 40: 00 00 00 00 00 00 00 00 00 00 00 00 00 00 00 00
    cfg 50: 00 00 00 00 00 00 00 00 00 00 00 00 00 00 00 00
    cfg 60: 21 49 44 44 13 01 00 00 00 00 00 00 10 00 00 00
    cfg 70: 07 75 02 04 1d 15 00 00 81 01 85 01 00 00 00 00
    cfg 80: 00 00 00 00 00 00 00 00 70 00 00 80 00 00 00 00
    cfg 90: 1f 00 00 00 00 00 00 00 00 00 00 00 00 00 00 00
    cfg a0: 00 00 00 00 00 00 00 00 00 00 00 00 00 00 00 00
    cfg b0: cb 10 00 06 00 00 00 00 00 00 00 00 00 00 00 00
    cfg c0: 11 11 00 00 00 30 33 13 03 00 00 00 00 50 07 00
    cfg d0: 01 0a 00 00 00 00 00 00 ff ff 71 07 10 cf 30 06
    cfg e0: 00 00 00 00 00 00 00 00 00 00 00 00 00 00 00 00
    cfg f0: 00 e4 ff ff 00 00 00 00 00 00 00 00 00 00 00 00

--- 00:00.1  10de:07cb  rev a2  classe 050000
    sottosistema 1025:0137   irq 00   comando 0004
    cfg 00: de 10 cb 07 04 00 a0 00 a2 00 00 05 00 00 80 00
    cfg 10: 00 00 00 00 00 00 00 00 00 00 00 00 00 00 00 00
    cfg 20: 00 00 00 00 00 00 00 00 00 00 00 00 25 10 37 01
    cfg 30: 00 00 00 00 00 00 00 00 00 00 00 00 00 00 00 00
    cfg 40: 00 00 21 00 00 00 00 00 00 00 00 00 00 00 00 00
    cfg 50: 00 00 00 00 00 00 00 00 00 00 00 00 00 00 00 00
    cfg 60: 00 00 00 00 00 00 00 00 00 00 00 00 00 00 00 00
    cfg 70: 00 00 00 00 00 00 00 00 00 00 00 00 00 00 00 00
    cfg 80: 00 00 00 00 00 00 00 00 00 00 00 00 00 00 00 00
    cfg 90: 00 00 00 00 00 00 00 00 00 00 00 00 00 00 00 00
    cfg a0: 00 00 00 00 00 00 00 00 00 00 00 00 00 00 00 00
    cfg b0: 00 80 00 00 fd 00 00 00 00 00 00 00 00 00 00 00
    cfg c0: 00 00 00 00 00 00 00 00 00 00 00 00 00 00 00 00
    cfg d0: 00 00 00 00 00 00 00 00 00 00 00 00 00 00 00 00
    cfg e0: 00 00 00 00 00 00 00 00 00 00 00 00 00 00 00 00
    cfg f0: 00 00 00 00 00 00 00 00 00 00 00 00 00 00 00 00

--- 00:01.0  10de:07cd  rev a1  classe 050000
    sottosistema 1025:0137   irq 00   comando 0000
    cfg 00: de 10 cd 07 00 00 20 00 a1 00 00 05 00 00 80 00
    cfg 10: 00 00 00 00 00 00 00 00 00 00 00 00 00 00 00 00
    cfg 20: 00 00 00 00 00 00 00 00 00 00 00 00 25 10 37 01
    cfg 30: 00 00 00 00 00 00 00 00 00 00 00 00 00 00 00 00
    cfg 40: 10 01 00 00 3b 44 04 00 00 00 00 00 00 00 00 00
    cfg 50: 60 f8 f0 a0 0c 0c 04 7e 0c 00 00 00 04 10 7f 04
    cfg 60: 55 00 55 00 00 00 00 00 00 00 00 00 32 00 20 00
    cfg 70: 47 00 00 00 00 00 00 00 00 00 00 00 00 00 00 00
    cfg 80: 3f 43 00 00 00 00 00 00 00 00 00 00 00 40 0d 44
    cfg 90: 46 ca 44 31 53 a5 94 45 0d 45 22 98 03 14 55 0d
    cfg a0: 00 00 13 13 f0 11 03 00 20 00 27 00 00 00 00 00
    cfg b0: 00 80 00 80 00 80 00 80 00 80 00 80 00 80 00 80
    cfg c0: 00 00 00 00 00 00 00 00 00 00 00 00 00 00 00 00
    cfg d0: 31 26 61 24 31 26 61 24 31 26 61 24 31 26 61 24
    cfg e0: 03 00 00 00 10 08 71 0f f1 01 00 00 00 00 00 00
    cfg f0: 10 98 ff 08 08 10 03 e0 00 00 00 00 60 03 77 40

--- 00:01.1  10de:07ce  rev a1  classe 050000
    sottosistema 1025:0137   irq 00   comando 0000
    cfg 00: de 10 ce 07 00 00 20 00 a1 00 00 05 00 00 80 00
    cfg 10: 00 00 00 00 00 00 00 00 00 00 00 00 00 00 00 00
    cfg 20: 00 00 00 00 00 00 00 00 00 00 00 00 25 10 37 01
    cfg 30: 00 00 00 00 00 00 00 00 00 00 00 00 00 00 00 00
    cfg 40: 00 00 00 00 00 00 00 00 00 00 00 00 00 00 00 00
    cfg 50: 00 00 00 00 00 00 00 00 00 00 00 00 00 00 00 00
    cfg 60: 02 01 00 00 00 00 00 00 02 01 00 00 00 00 00 00
    cfg 70: 01 20 b0 ee 00 00 00 00 00 00 b0 6e 00 00 b0 6e
    cfg 80: 00 06 00 13 00 00 f0 03 1a 26 80 00 20 60 70 00
    cfg 90: 01 00 00 1a 01 20 00 06 00 20 00 06 00 00 00 00
    cfg a0: 00 00 00 00 00 00 00 00 00 00 00 00 00 00 00 00
    cfg b0: 00 00 00 00 1a 00 00 00 00 00 00 00 00 00 00 00
    cfg c0: 00 00 00 00 16 05 82 81 00 00 00 00 01 01 00 00
    cfg d0: 5b 08 00 01 44 00 10 00 00 00 20 00 00 00 30 00
    cfg e0: f3 df bb ff 7c fe fb ff 03 00 00 00 00 00 00 00
    cfg f0: 00 00 00 00 00 00 00 00 00 00 00 00 00 00 00 00

--- 00:01.2  10de:07cf  rev a1  classe 050000
    sottosistema 1025:0137   irq 00   comando 0000
    cfg 00: de 10 cf 07 00 00 20 00 a1 00 00 05 00 00 80 00
    cfg 10: 00 00 00 00 00 00 00 00 00 00 00 00 00 00 00 00
    cfg 20: 00 00 00 00 00 00 00 00 00 00 00 00 25 10 37 01
    cfg 30: 00 00 00 00 00 00 00 00 00 00 00 00 00 00 00 00
    cfg 40: d0 00 00 00 00 00 00 00 58 16 58 84 be 03 00 06
    cfg 50: 74 00 00 00 0d 00 08 01 ff 7f ff ff 7f 7f 7f 7f
    cfg 60: ff 00 00 00 0e 00 00 00 2c 80 b0 00 00 00 00 00
    cfg 70: 00 00 00 00 00 00 00 00 00 00 00 00 00 00 00 00
    cfg 80: 00 00 00 00 00 00 00 00 00 00 00 00 00 00 00 00
    cfg 90: 08 00 3f 70 08 00 07 0c 00 00 00 00 00 00 00 00
    cfg a0: 0f 00 00 00 00 00 00 00 00 00 00 00 00 00 00 00
    cfg b0: 00 00 00 00 00 00 00 00 00 00 00 00 00 00 00 00
    cfg c0: 00 00 00 00 00 00 00 00 00 00 00 00 00 00 00 00
    cfg d0: 00 00 00 00 00 00 00 00 00 00 00 00 00 00 00 00
    cfg e0: 00 00 00 00 00 00 00 00 00 00 00 00 00 00 00 00
    cfg f0: ff ff 00 02 00 00 00 00 00 00 00 00 00 00 00 00

--- 00:01.3  10de:07d0  rev a1  classe 050000
    sottosistema 1025:0137   irq 00   comando 0000
    cfg 00: de 10 d0 07 00 00 20 00 a1 00 00 05 00 00 80 00
    cfg 10: 00 00 00 00 00 00 00 00 00 00 00 00 00 00 00 00
    cfg 20: 00 00 00 00 00 00 00 00 00 00 00 00 25 10 37 01
    cfg 30: 00 00 00 00 00 00 00 00 00 00 00 00 00 00 00 00
    cfg 40: 00 00 00 00 00 00 00 00 00 00 00 00 00 00 00 00
    cfg 50: ff 00 00 00 00 00 00 00 00 00 00 00 00 00 00 00
    cfg 60: 91 00 00 00 06 00 00 00 05 00 00 00 05 00 00 00
    cfg 70: 06 00 00 00 05 00 00 00 05 00 00 00 01 00 01 00
    cfg 80: 01 00 08 00 00 00 00 00 00 00 00 00 00 00 00 00
    cfg 90: 00 00 00 00 11 21 12 11 00 00 00 00 cc cc cc cc
    cfg a0: 00 00 00 00 2e 0a e0 00 41 41 41 49 40 41 40 41
    cfg b0: 00 00 00 00 00 00 00 00 00 00 00 00 00 07 00 00
    cfg c0: 00 00 00 00 00 07 00 00 00 00 00 00 00 07 00 00
    cfg d0: 00 00 00 00 00 07 00 00 00 00 00 00 00 07 00 00
    cfg e0: 00 00 00 00 00 07 00 00 00 00 00 00 00 07 00 00
    cfg f0: 00 00 00 00 00 07 00 00 00 00 00 00 00 00 00 00

--- 00:01.4  10de:07d1  rev a1  classe 050000
    sottosistema 1025:0137   irq 00   comando 0000
    cfg 00: de 10 d1 07 00 00 20 00 a1 00 00 05 00 00 80 00
    cfg 10: 00 00 00 00 00 00 00 00 00 00 00 00 00 00 00 00
    cfg 20: 00 00 00 00 00 00 00 00 00 00 00 00 25 10 37 01
    cfg 30: 00 00 00 00 00 00 00 00 00 00 00 00 00 00 00 00
    cfg 40: 50 3f 00 00 ff 00 00 00 98 3a 30 80 80 01 00 02
    cfg 50: 00 00 00 00 1f 1f 00 00 0f 0f 00 00 e0 60 90 00
    cfg 60: 0f 0f 00 00 0f 00 0f 00 0f 0f 00 00 c0 50 90 00
    cfg 70: 0f 0f 00 00 0f 00 0f 00 03 00 00 00 0f 00 00 00
    cfg 80: 0f 00 00 00 00 00 00 00 0f 00 0f 00 0f 00 0f 00
    cfg 90: 0f 0f 00 00 0f 00 0f 00 0f 0f 00 00 0f 00 0f 00
    cfg a0: 0f 0f 00 00 00 00 00 02 0f 0f 00 00 0f 00 0f 00
    cfg b0: 04 07 00 00 44 44 44 11 44 44 44 44 44 44 88 00
    cfg c0: 00 00 00 04 00 00 00 04 00 00 00 00 00 00 00 00
    cfg d0: 00 00 00 00 0f 00 00 00 0f 00 00 00 00 00 00 00
    cfg e0: 00 00 08 08 00 00 00 00 44 00 00 00 44 00 00 00
    cfg f0: ff ff 00 02 00 00 00 00 0f 00 0f 00 0f 00 0f 00

--- 00:01.5  10de:07d2  rev a1  classe 050000
    sottosistema 1025:0137   irq 00   comando 0000
    cfg 00: de 10 d2 07 00 00 20 00 a1 00 00 05 00 00 80 00
    cfg 10: 00 00 00 00 00 00 00 00 00 00 00 00 00 00 00 00
    cfg 20: 00 00 00 00 00 00 00 00 00 00 00 00 25 10 37 01
    cfg 30: 00 00 00 00 00 00 00 00 00 00 00 00 00 00 00 00
    cfg 40: f9 01 a0 00 00 00 00 00 00 00 00 00 00 00 00 00
    cfg 50: 00 00 00 00 00 00 00 00 00 00 00 00 00 00 00 00
    cfg 60: 00 00 00 00 00 00 00 00 00 00 00 00 00 00 00 00
    cfg 70: 00 00 00 00 00 00 00 00 00 00 00 00 00 00 00 00
    cfg 80: 00 00 00 00 00 00 00 00 00 00 00 00 00 00 00 00
    cfg 90: 00 00 00 00 00 00 00 00 00 00 00 00 00 00 00 00
    cfg a0: 00 00 00 00 00 00 00 00 00 00 00 00 00 00 00 00
    cfg b0: 00 00 00 00 00 00 00 00 00 00 00 00 00 00 00 00
    cfg c0: 00 00 00 00 00 00 00 00 00 00 00 00 00 00 00 00
    cfg d0: 00 00 00 00 00 00 00 00 00 00 00 00 00 00 00 00
    cfg e0: 00 00 00 00 00 00 00 00 00 00 00 00 00 00 00 00
    cfg f0: 00 00 00 00 00 00 00 00 00 00 00 00 00 00 00 00

--- 00:01.6  10de:07d3  rev a1  classe 050000
    sottosistema 1025:0137   irq 00   comando 0000
    cfg 00: de 10 d3 07 00 00 20 00 a1 00 00 05 00 00 80 00
    cfg 10: 00 00 00 00 00 00 00 00 00 00 00 00 00 00 00 00
    cfg 20: 00 00 00 00 00 00 00 00 00 00 00 00 25 10 37 01
    cfg 30: 00 00 00 00 00 00 00 00 00 00 00 00 00 00 00 00
    cfg 40: 00 00 00 00 33 43 34 33 00 00 00 00 00 00 00 00
    cfg 50: 00 00 00 00 00 00 00 00 00 00 00 00 00 00 00 00
    cfg 60: 00 00 00 00 00 00 00 00 00 00 00 00 00 00 00 00
    cfg 70: 00 00 00 00 00 00 00 00 00 00 00 00 00 00 00 00
    cfg 80: 00 00 00 00 00 00 00 00 00 00 00 00 00 00 00 00
    cfg 90: 00 00 00 00 00 00 00 00 00 00 00 00 00 00 00 00
    cfg a0: 00 00 00 00 00 00 00 00 00 00 00 00 00 00 00 00
    cfg b0: 00 00 00 00 00 00 00 00 00 00 00 00 00 00 00 00
    cfg c0: 00 00 00 00 07 07 00 00 88 88 88 88 00 00 00 00
    cfg d0: 00 00 00 00 00 00 00 00 40 40 00 00 88 00 07 00
    cfg e0: 00 00 00 00 00 00 00 00 00 00 00 00 00 00 00 00
    cfg f0: 00 00 00 00 88 88 88 88 00 00 00 00 00 00 00 00

--- 00:02.0  10de:07d6  rev a1  classe 050000
    sottosistema 1025:0137   irq 00   comando 0000
    cfg 00: de 10 d6 07 00 00 20 00 a1 00 00 05 00 00 80 00
    cfg 10: 00 00 00 00 00 00 00 00 00 00 00 00 00 00 00 00
    cfg 20: 00 00 00 00 00 00 00 00 00 00 00 00 25 10 37 01
    cfg 30: 00 00 00 00 00 00 00 00 00 00 00 00 00 00 00 00
    cfg 40: 00 00 00 00 00 00 00 00 00 00 00 00 00 00 00 00
    cfg 50: 00 00 00 00 00 00 00 00 00 00 00 00 00 00 00 00
    cfg 60: 00 00 00 00 00 00 00 00 00 00 00 00 00 00 00 00
    cfg 70: 00 00 00 00 00 00 00 00 00 00 00 00 00 00 00 00
    cfg 80: 00 00 00 00 00 00 00 00 00 00 00 00 00 00 00 00
    cfg 90: 44 44 44 44 44 44 44 44 44 44 44 00 00 00 00 00
    cfg a0: 00 00 00 00 00 00 00 00 00 00 00 00 00 00 00 00
    cfg b0: 44 44 44 00 44 04 44 04 00 00 00 00 00 00 00 00
    cfg c0: 00 00 00 00 00 00 00 00 44 44 44 00 44 04 44 04
    cfg d0: 00 00 00 00 00 00 00 00 00 00 00 00 00 00 00 00
    cfg e0: 40 40 40 40 40 40 40 40 00 00 00 00 00 00 00 00
    cfg f0: 00 00 00 00 00 00 00 00 00 00 00 00 00 00 00 00

--- 00:03.0  10de:07d7  rev a2  classe 060100
    sottosistema 1025:0137   irq 00   comando 000f
    BAR0  porte   0x4f00
    cfg 00: de 10 d7 07 0f 00 a0 20 a2 00 01 06 00 00 80 00
    cfg 10: 01 4f 00 00 00 00 00 00 00 00 00 00 00 00 00 00
    cfg 20: 00 00 00 00 00 00 00 00 00 00 00 00 25 10 37 01
    cfg 30: 00 00 00 00 00 00 00 00 00 00 00 00 00 00 00 00
    cfg 40: 25 10 37 01 00 00 d0 fe fa 3e ff 00 fa 3e ff 00
    cfg 50: fa 3e ff 00 00 5a 62 02 00 00 00 05 33 00 2c 01
    cfg 60: 00 00 00 00 00 00 00 00 00 00 00 00 00 00 00 00
    cfg 70: 10 00 ff ff cd 00 00 00 00 00 04 59 00 70 00 00
    cfg 80: 00 aa b0 50 07 b7 00 00 00 00 40 01 ff 00 aa aa
    cfg 90: 00 08 00 00 ff ff 3f 3f 00 00 00 00 00 00 00 00
    cfg a0: 01 00 10 80 00 00 00 00 00 00 00 00 00 00 00 00
    cfg b0: 00 00 00 00 00 0a 7f 0a 00 00 00 00 00 00 00 00
    cfg c0: 00 00 00 00 00 00 00 00 00 00 00 00 00 00 00 00
    cfg d0: 00 00 00 00 00 00 00 00 00 00 00 00 00 03 00 00
    cfg e0: 83 28 28 39 8b 35 00 00 0f 00 c0 40 00 00 00 00
    cfg f0: 00 00 00 00 00 00 00 00 10 00 00 00 00 00 00 00

--- 00:03.1  10de:07d8  rev a1  classe 0c0500
    sottosistema 1025:0137   irq 0a   comando 0001
    BAR0  porte   0x4900
    BAR4  porte   0x4d00
    BAR5  porte   0x4e00
    cfg 00: de 10 d8 07 01 00 b0 00 a1 00 05 0c 00 00 80 00
    cfg 10: 01 49 00 00 00 00 00 00 00 00 00 00 00 00 00 00
    cfg 20: 01 4d 00 00 01 4e 00 00 00 00 00 00 25 10 37 01
    cfg 30: 00 00 00 00 44 00 00 00 00 00 00 00 0a 01 00 00
    cfg 40: 25 10 37 01 01 00 02 c0 00 00 00 00 73 8b 11 00
    cfg 50: 00 00 00 00 00 00 00 00 00 00 00 00 00 00 00 00
    cfg 60: 01 40 00 00 01 44 00 00 01 48 00 00 00 10 d0 fe
    cfg 70: 00 20 fe fe 00 00 a8 fe 00 00 fe fe 01 00 00 00
    cfg 80: 00 10 fe fe 00 00 00 00 00 00 00 00 00 00 00 00
    cfg 90: 00 00 00 00 00 00 00 00 00 00 00 00 00 00 00 00
    cfg a0: 00 00 00 00 00 00 00 00 00 00 00 00 00 00 00 00
    cfg b0: 00 00 00 00 00 00 00 00 00 00 00 00 00 00 00 00
    cfg c0: d4 30 80 01 01 00 00 00 21 82 02 02 0d 0d 19 19
    cfg d0: 40 00 40 01 1d 00 14 0a 05 00 00 00 00 00 00 00
    cfg e0: 80 18 00 10 00 48 00 60 80 02 00 00 00 44 44 00
    cfg f0: 02 ff 1e bf 01 00 00 80 10 00 00 00 00 00 00 00

--- 00:03.2  10de:07d9  rev a1  classe 050000
    sottosistema 1025:0137   irq 00   comando 0400
    cfg 00: de 10 d9 07 00 04 a0 00 a1 00 00 05 00 00 80 00
    cfg 10: 00 00 00 00 00 00 00 00 00 00 00 00 00 00 00 00
    cfg 20: 00 00 00 00 00 00 00 00 00 00 00 00 25 10 37 01
    cfg 30: 00 00 00 00 00 00 00 00 00 00 00 00 00 00 00 00
    cfg 40: 25 10 37 01 00 00 00 00 10 02 80 10 10 00 10 10
    cfg 50: 10 10 10 10 00 00 00 00 01 00 00 00 10 42 00 00
    cfg 60: 00 00 00 00 00 00 00 00 00 00 00 00 00 00 00 00
    cfg 70: 00 00 00 00 00 00 00 00 00 00 00 00 00 00 00 00
    cfg 80: 00 00 00 00 00 00 00 00 00 00 01 02 40 08 00 00
    cfg 90: 00 00 00 04 21 84 20 02 81 80 52 0a c5 98 73 0e
    cfg a0: 27 9d 63 12 29 a1 73 00 20 21 00 00 00 00 00 00
    cfg b0: 00 00 00 04 83 10 01 00 e0 00 00 00 00 00 00 00
    cfg c0: 00 00 00 00 00 00 00 00 00 00 00 00 00 00 00 00
    cfg d0: 00 00 00 00 00 00 00 00 00 00 00 00 00 00 00 00
    cfg e0: 00 00 00 00 00 00 00 00 00 00 00 00 00 00 00 00
    cfg f0: 00 00 00 00 00 00 00 00 00 00 00 00 00 00 00 00

--- 00:03.3  10de:07da  rev a2  classe 0b4000
    sottosistema 1025:0137   irq 0b   comando 0006
    BAR0  memoria 0xfea80000
    cfg 00: de 10 da 07 06 00 a0 00 a2 00 40 0b 00 00 80 00
    cfg 10: 00 00 a8 fe 00 00 00 00 00 00 00 00 00 00 00 00
    cfg 20: 00 00 00 00 00 00 00 00 00 00 00 00 25 10 37 01
    cfg 30: 00 00 00 00 00 00 00 00 00 00 00 00 0b 02 03 01
    cfg 40: 25 10 37 01 00 00 00 00 00 00 00 00 00 00 00 00
    cfg 50: 00 00 00 00 00 00 00 00 00 00 00 00 00 00 00 00
    cfg 60: 00 00 00 00 00 00 00 00 00 00 00 00 00 00 00 00
    cfg 70: 00 00 00 00 00 00 a8 fe 00 00 00 00 00 00 00 00
    cfg 80: 05 00 80 01 00 00 00 00 00 00 00 00 00 00 00 00
    cfg 90: 00 00 00 00 00 00 00 00 00 00 00 00 08 00 02 a8
    cfg a0: 00 00 00 00 00 00 00 00 00 00 00 00 00 00 00 00
    cfg b0: 00 00 00 00 00 00 00 00 00 00 00 00 00 00 00 00
    cfg c0: 00 00 00 00 00 00 00 00 00 00 00 00 00 00 00 00
    cfg d0: 00 00 00 00 00 00 00 00 00 00 00 00 00 00 00 00
    cfg e0: 00 00 00 00 00 00 00 00 00 00 00 00 00 00 00 00
    cfg f0: 00 00 00 00 00 00 00 00 00 00 00 00 00 00 00 00

--- 00:03.4  10de:07c8  rev a1  classe 050000
    sottosistema 1025:0137   irq 00   comando 0000
    cfg 00: de 10 c8 07 00 00 20 00 a1 00 00 05 00 00 80 00
    cfg 10: 00 00 00 00 00 00 00 00 00 00 00 00 00 00 00 00
    cfg 20: 00 00 00 00 00 00 00 00 00 00 00 00 25 10 37 01
    cfg 30: 00 00 00 00 00 00 00 00 00 00 00 00 00 00 00 00
    cfg 40: 25 10 37 01 02 02 00 08 00 00 02 00 02 02 80 00
    cfg 50: 00 00 00 00 5b 20 8c 70 01 00 00 00 5f 20 92 70
    cfg 60: 21 7e 56 4e ff ff 00 00 ff ff 00 00 ff ff 00 00
    cfg 70: ff ff 00 00 11 6f 56 00 03 2e 00 80 03 1a 00 00
    cfg 80: 00 00 00 00 00 00 00 00 00 00 00 00 00 00 00 00
    cfg 90: 00 00 00 00 00 00 00 00 00 00 00 00 00 00 00 00
    cfg a0: 00 00 00 00 00 00 00 00 00 00 00 00 00 00 00 00
    cfg b0: 5b 8c 30 90 01 20 00 52 27 01 00 00 5b 8c 30 10
    cfg c0: ff ff ff ff ff bf ff ff 00 00 00 00 88 80 aa 00
    cfg d0: 00 21 09 00 01 00 00 00 00 00 00 00 00 00 00 00
    cfg e0: 80 00 39 00 92 14 00 00 80 00 e7 38 a8 01 93 00
    cfg f0: 1b 1b 1b 1b 00 ff 21 00 99 99 aa aa 00 00 0f 00

--- 00:04.0  10de:07fe  rev a1  classe 0c0310
    sottosistema 1025:0137   irq 07   comando 0007
    BAR0  memoria 0xfea7f000
    cfg 00: de 10 fe 07 07 00 b0 00 a1 10 03 0c 00 00 80 00
    cfg 10: 00 f0 a7 fe 00 00 00 00 00 00 00 00 00 00 00 00
    cfg 20: 00 00 00 00 00 00 00 00 00 00 00 00 25 10 37 01
    cfg 30: 00 00 00 00 44 00 00 00 00 00 00 00 07 01 03 01
    cfg 40: 25 10 37 01 01 00 02 fe 00 00 00 00 00 00 00 00
    cfg 50: 31 00 00 00 1d 47 40 00 10 00 00 00 00 00 00 00
    cfg 60: 00 00 00 00 00 00 00 00 00 00 00 00 00 00 00 00
    cfg 70: 00 00 00 00 00 00 00 00 00 00 00 00 00 00 00 00
    cfg 80: 00 00 00 00 00 00 00 00 00 00 00 00 00 00 00 00
    cfg 90: 00 00 00 00 00 00 00 00 00 00 00 00 00 00 00 00
    cfg a0: 00 00 00 00 00 00 00 00 00 00 00 00 00 00 00 00
    cfg b0: 00 00 00 00 00 00 00 00 00 00 00 00 00 00 00 00
    cfg c0: 00 00 00 00 00 00 00 00 00 00 00 00 00 00 00 00
    cfg d0: 02 00 00 00 00 00 00 00 00 00 00 00 00 00 00 00
    cfg e0: 00 00 00 00 00 00 00 00 00 00 00 00 00 00 00 00
    cfg f0: 00 00 00 00 00 00 00 00 00 00 00 00 00 00 00 00

--- 00:04.1  10de:056a  rev a1  classe 0c0320
    sottosistema 1025:0137   irq 0a   comando 0006
    BAR0  memoria 0xfea7ec00
    cfg 00: de 10 6a 05 06 00 b0 00 a1 20 03 0c 00 00 80 00
    cfg 10: 00 ec a7 fe 00 00 00 00 00 00 00 00 00 00 00 00
    cfg 20: 00 00 00 00 00 00 00 00 00 00 00 00 25 10 37 01
    cfg 30: 00 00 00 00 44 00 00 00 00 00 00 00 0a 02 03 01
    cfg 40: 25 10 37 01 0a 80 98 20 00 00 00 00 00 00 00 00
    cfg 50: 00 00 00 00 00 00 00 00 00 00 00 00 00 00 00 00
    cfg 60: 20 20 01 00 00 60 18 85 03 3c 0a 01 00 00 00 00
    cfg 70: 00 00 08 00 00 10 20 80 89 3d b6 22 77 25 64 00
    cfg 80: 01 00 02 fe 00 00 00 00 00 00 00 00 15 16 00 00
    cfg 90: 00 01 00 00 00 00 00 00 00 00 00 00 00 00 00 00
    cfg a0: 01 00 01 00 05 20 08 00 00 00 00 00 00 00 00 00
    cfg b0: 22 00 00 22 11 00 00 00 ff 03 00 00 00 00 00 00
    cfg c0: 10 10 2d 0d 00 00 00 00 00 00 00 00 00 00 00 00
    cfg d0: 02 00 00 00 00 00 00 00 00 00 00 00 00 00 00 00
    cfg e0: 00 00 00 00 00 00 00 00 00 00 00 00 00 00 00 00
    cfg f0: 00 00 00 00 00 00 00 00 10 00 00 00 00 00 00 00

--- 00:08.0  10de:056c  rev a1  classe 01018a
    sottosistema 1025:0137   irq 00   comando 0005
    BAR4  porte   0xffa0
    cfg 00: de 10 6c 05 05 00 b0 00 a1 8a 01 01 00 00 00 00
    cfg 10: 00 00 00 00 00 00 00 00 00 00 00 00 00 00 00 00
    cfg 20: a1 ff 00 00 00 00 00 00 00 00 00 00 25 10 37 01
    cfg 30: 00 00 00 00 44 00 00 00 00 00 00 00 00 00 03 01
    cfg 40: 25 10 37 01 01 00 02 00 00 00 00 00 00 00 00 00
    cfg 50: 02 f0 00 00 00 00 00 00 a8 a8 a8 a8 ff 00 ff ff
    cfg 60: 00 00 00 00 00 00 00 00 00 00 00 00 00 00 00 00
    cfg 70: 00 00 00 00 00 00 00 00 00 00 00 00 00 00 00 00
    cfg 80: 00 00 00 00 00 00 00 00 00 00 00 00 00 00 00 00
    cfg 90: 00 00 00 00 00 00 00 00 00 00 00 00 00 00 01 01
    cfg a0: 00 00 00 00 00 00 00 00 00 00 00 00 00 00 00 00
    cfg b0: 00 00 00 00 00 00 00 00 00 00 00 00 00 00 00 00
    cfg c0: 00 00 00 00 00 00 00 00 00 00 00 00 00 00 00 00
    cfg d0: 00 00 00 00 00 00 00 00 00 00 00 00 00 00 00 00
    cfg e0: 00 00 00 00 00 00 00 00 00 00 00 00 00 00 00 00
    cfg f0: 00 00 00 00 00 00 00 00 10 00 00 00 00 00 00 00

--- 00:09.0  10de:07fc  rev a1  classe 040300
    sottosistema 1025:0137   irq 0b   comando 0006
    BAR0  memoria 0xfea78000
    cfg 00: de 10 fc 07 06 00 b0 00 a1 00 03 04 00 00 00 00
    cfg 10: 00 80 a7 fe 00 00 00 00 00 00 00 00 00 00 00 00
    cfg 20: 00 00 00 00 00 00 00 00 00 00 00 00 25 10 37 01
    cfg 30: 00 00 00 00 44 00 00 00 00 00 00 00 0b 01 02 05
    cfg 40: 25 10 37 01 01 50 02 c0 00 00 00 00 01 01 0f 00
    cfg 50: 05 00 80 01 00 00 00 00 00 00 00 00 00 00 00 00
    cfg 60: 00 00 00 00 00 00 00 00 0f 00 00 00 08 00 02 a8
    cfg 70: 03 00 00 00 00 00 00 00 00 00 00 00 00 00 00 00
    cfg 80: 00 00 00 00 00 00 00 00 00 00 00 00 00 00 00 00
    cfg 90: 00 00 00 00 00 00 00 00 00 00 00 00 00 00 00 00
    cfg a0: 00 00 00 00 00 00 00 00 00 00 00 00 00 00 00 00
    cfg b0: 00 00 00 00 00 00 00 00 00 00 00 00 00 00 00 00
    cfg c0: 00 00 00 00 00 00 00 00 00 00 00 00 00 00 00 00
    cfg d0: 00 00 00 00 00 00 00 00 00 00 00 00 00 00 00 00
    cfg e0: 0f 40 00 a2 00 00 01 00 00 00 00 20 00 00 00 00
    cfg f0: 00 00 00 00 00 00 00 47 00 29 00 00 00 00 00 00

--- 00:0a.0  10de:056d  rev a1  classe 060401
    sottosistema 0000:0000   irq 00   comando 0007
    BAR2  memoria 0x20010100
    BAR3  memoria 0x2280e0e0
    BAR4  memoria 0xfeb0feb0
    BAR5  memoria 0x0000fff0
    cfg 00: de 10 6d 05 07 00 b0 00 a1 01 04 06 00 00 01 00
    cfg 10: 00 00 00 00 00 00 00 00 00 01 01 20 e0 e0 80 22
    cfg 20: b0 fe b0 fe f0 ff 00 00 00 00 00 00 00 00 00 00
    cfg 30: 00 00 00 00 b8 00 00 00 00 00 00 00 00 00 02 02
    cfg 40: 00 00 73 07 00 00 00 00 2f 07 00 00 00 00 44 01
    cfg 50: 00 00 00 00 00 00 00 00 ff 1f ff 1f 00 00 00 00
    cfg 60: 00 00 00 00 00 00 00 00 00 00 00 00 00 00 00 00
    cfg 70: 00 00 00 00 00 00 00 00 00 00 00 00 00 00 00 00
    cfg 80: 00 06 00 00 00 00 00 00 00 00 00 00 08 00 00 a8
    cfg 90: 00 00 e0 fe 00 00 00 00 00 00 00 00 00 00 00 00
    cfg a0: 06 00 00 00 00 00 00 00 00 00 00 00 00 00 00 00
    cfg b0: 00 00 00 00 ff ff 00 00 0d 00 00 00 25 10 37 01
    cfg c0: 25 10 37 01 03 00 00 00 00 00 00 00 00 00 00 00
    cfg d0: 00 00 00 00 00 00 00 00 00 00 00 00 00 00 00 00
    cfg e0: 00 00 00 00 00 00 00 00 00 00 00 00 00 00 00 00
    cfg f0: 00 00 00 00 00 00 00 00 00 00 00 00 00 00 00 00

--- 00:0b.0  10de:056e  rev a1  classe 060400
    sottosistema 0000:0000   irq 00   comando 0004
    BAR2  memoria 0x00020200
    BAR3  porte   0x01f0
    BAR4  memoria 0x0000fff0
    BAR5  porte   0xfff0
    cfg 00: de 10 6e 05 04 00 10 00 a1 00 04 06 10 00 01 00
    cfg 10: 00 00 00 00 00 00 00 00 00 02 02 00 f1 01 00 00
    cfg 20: f0 ff 00 00 f1 ff 01 00 00 00 00 00 00 00 00 00
    cfg 30: 00 00 00 00 40 00 00 00 00 00 00 00 00 00 02 00
    cfg 40: 0d 48 00 00 25 10 37 01 01 50 02 f8 00 00 00 00
    cfg 50: 05 80 82 00 00 00 00 00 00 00 00 00 00 00 00 00
    cfg 60: 08 80 00 a8 00 00 e0 fe 00 00 00 00 00 00 00 00
    cfg 70: 00 00 00 00 00 00 00 00 00 00 00 00 00 00 00 00
    cfg 80: 10 00 41 01 21 80 00 00 10 28 00 00 01 3d 11 00
    cfg 90: 00 00 01 11 80 25 08 00 c0 01 00 00 00 00 00 00
    cfg a0: 00 00 00 00 00 00 00 00 00 00 00 00 00 00 00 00
    cfg b0: 01 00 00 00 00 00 00 00 00 00 00 00 00 00 00 00
    cfg c0: 00 00 00 00 00 00 00 00 00 00 00 00 00 00 00 00
    cfg d0: 00 00 00 00 00 00 00 00 00 00 00 00 00 00 00 00
    cfg e0: 00 00 00 00 00 00 00 00 00 00 00 00 00 00 00 00
    cfg f0: 00 00 00 00 00 00 00 00 00 00 00 00 00 00 00 00

--- 00:0c.0  10de:056f  rev a1  classe 060400
    sottosistema 0000:0000   irq 00   comando 0004
    BAR2  memoria 0x00030300
    BAR3  porte   0x01f0
    BAR4  memoria 0x0000fff0
    BAR5  porte   0xfff0
    cfg 00: de 10 6f 05 04 00 10 00 a1 00 04 06 10 00 01 00
    cfg 10: 00 00 00 00 00 00 00 00 00 03 03 00 f1 01 00 00
    cfg 20: f0 ff 00 00 f1 ff 01 00 00 00 00 00 00 00 00 00
    cfg 30: 00 00 00 00 40 00 00 00 00 00 00 00 00 00 02 00
    cfg 40: 0d 48 00 00 25 10 37 01 01 50 02 f8 00 00 00 00
    cfg 50: 05 80 82 00 00 00 00 00 00 00 00 00 00 00 00 00
    cfg 60: 08 80 00 a8 00 00 e0 fe 00 00 00 00 00 00 00 00
    cfg 70: 00 00 00 00 00 00 00 00 00 00 00 00 00 00 00 00
    cfg 80: 10 00 41 01 21 80 00 00 10 28 00 00 11 3c 11 01
    cfg 90: 00 00 11 10 00 05 10 00 c0 01 00 00 00 00 00 00
    cfg a0: 00 00 00 00 00 00 00 00 00 00 00 00 00 00 00 00
    cfg b0: 01 00 00 00 00 00 00 00 00 00 00 00 00 00 00 00
    cfg c0: 00 00 00 00 00 00 00 00 00 00 00 00 00 00 00 00
    cfg d0: 00 00 00 00 00 00 00 00 00 00 00 00 00 00 00 00
    cfg e0: 00 00 00 00 00 00 00 00 00 00 00 00 00 00 00 00
    cfg f0: 00 00 00 00 00 00 00 00 00 00 00 00 00 00 00 00

--- 00:0d.0  10de:056f  rev a1  classe 060400
    sottosistema 0000:0000   irq 00   comando 0004
    BAR2  memoria 0x00040400
    BAR3  porte   0x01f0
    BAR4  memoria 0x0000fff0
    BAR5  porte   0xfff0
    cfg 00: de 10 6f 05 04 00 10 00 a1 00 04 06 10 00 01 00
    cfg 10: 00 00 00 00 00 00 00 00 00 04 04 00 f1 01 00 00
    cfg 20: f0 ff 00 00 f1 ff 01 00 00 00 00 00 00 00 00 00
    cfg 30: 00 00 00 00 40 00 00 00 00 00 00 00 00 00 02 00
    cfg 40: 0d 48 00 00 25 10 37 01 01 50 02 f8 00 00 00 00
    cfg 50: 05 80 82 00 00 00 00 00 00 00 00 00 00 00 00 00
    cfg 60: 08 80 00 a8 00 00 e0 fe 00 00 00 00 00 00 00 00
    cfg 70: 00 00 00 00 00 00 00 00 00 00 00 00 00 00 00 00
    cfg 80: 10 00 41 01 21 80 00 00 10 28 00 00 11 3c 11 02
    cfg 90: 00 00 11 10 00 05 18 00 c0 01 00 00 00 00 00 00
    cfg a0: 00 00 00 00 00 00 00 00 00 00 00 00 00 00 00 00
    cfg b0: 01 00 00 00 00 00 00 00 00 00 00 00 00 00 00 00
    cfg c0: 00 00 00 00 00 00 00 00 00 00 00 00 00 00 00 00
    cfg d0: 00 00 00 00 00 00 00 00 00 00 00 00 00 00 00 00
    cfg e0: 00 00 00 00 00 00 00 00 00 00 00 00 00 00 00 00
    cfg f0: 00 00 00 00 00 00 00 00 00 00 00 00 00 00 00 00

--- 00:0e.0  10de:07f8  rev a2  classe 010485
    sottosistema 1025:0137   irq 05   comando 0007
    BAR0  porte   0xd480
    BAR1  porte   0xd400
    BAR2  porte   0xd080
    BAR3  porte   0xd000
    BAR4  porte   0xcc00
    BAR5  memoria 0xfea7c000
    cfg 00: de 10 f8 07 07 00 b0 00 a2 85 04 01 00 00 00 00
    cfg 10: 81 d4 00 00 01 d4 00 00 81 d0 00 00 01 d0 00 00
    cfg 20: 01 cc 00 00 00 c0 a7 fe 00 00 00 00 25 10 37 01
    cfg 30: 00 00 00 00 44 00 00 00 00 00 00 00 05 01 03 01
    cfg 40: 25 10 37 01 01 8c 02 00 00 00 00 00 00 00 00 00
    cfg 50: 0f 68 38 60 00 00 00 00 00 00 00 00 00 00 00 00
    cfg 60: 00 00 85 00 40 80 00 00 01 0f 06 42 00 00 00 00
    cfg 70: 2c 78 c4 40 01 10 00 00 02 00 00 08 20 00 20 79
    cfg 80: 0f 00 00 40 28 7f e6 da 00 00 60 2e 12 b0 10 00
    cfg 90: 5f 02 00 00 00 00 00 00 03 9f 22 a3 04 01 00 00
    cfg a0: 6e 5a 00 3f 80 00 00 00 00 00 00 00 33 34 00 02
    cfg b0: 05 00 86 00 00 00 00 00 00 00 00 00 00 00 00 00
    cfg c0: 00 00 00 00 00 00 00 00 00 00 00 00 08 00 02 a8
    cfg d0: 00 00 00 00 0a 00 00 00 00 00 40 00 0a 00 00 00
    cfg e0: 00 08 03 44 00 00 3f 00 01 00 00 00 00 00 00 00
    cfg f0: 00 00 00 00 00 00 00 00 00 01 1e 80 00 00 00 00

--- 00:0f.0  10de:07dc  rev a2  classe 020000
    sottosistema 1025:0137   irq 07   comando 0007
    BAR0  memoria 0xfea73000
    BAR1  porte   0xc880
    BAR2  memoria 0xfea7e800
    BAR3  memoria 0xfea7e400
    cfg 00: de 10 dc 07 07 00 b0 00 a2 00 00 02 00 00 00 00
    cfg 10: 00 30 a7 fe 81 c8 00 00 00 e8 a7 fe 00 e4 a7 fe
    cfg 20: 00 00 00 00 00 00 00 00 00 00 00 00 25 10 37 01
    cfg 30: 00 00 00 00 44 00 00 00 00 00 00 00 07 01 01 14
    cfg 40: 25 10 37 01 01 50 02 fe 00 00 00 00 08 00 00 00
    cfg 50: 05 00 86 01 00 00 00 00 00 00 00 00 00 00 00 00
    cfg 60: 00 00 00 00 00 00 00 00 ff 00 00 00 08 00 02 a8
    cfg 70: 00 00 00 00 00 00 00 00 00 00 00 00 00 00 00 00
    cfg 80: 00 00 00 00 00 00 00 00 00 00 00 00 00 00 00 00
    cfg 90: 00 00 00 00 00 00 00 00 00 00 00 00 00 00 00 00
    cfg a0: 00 00 00 00 00 00 00 00 00 00 00 00 00 00 00 00
    cfg b0: 00 00 00 00 00 00 00 00 00 00 00 00 00 00 00 00
    cfg c0: 00 00 00 00 00 00 00 00 00 00 00 00 00 00 00 00
    cfg d0: 00 00 00 00 00 00 00 00 00 00 00 00 00 00 00 00
    cfg e0: 00 00 00 00 00 00 00 00 00 00 00 00 00 00 00 00
    cfg f0: 00 00 00 00 30 00 00 00 02 01 00 00 02 00 00 08

--- 00:10.0  10de:07e5  rev a2  classe 030000
    sottosistema 1025:0137   irq 00   comando 0007
    BAR0  memoria 0xfd000000
    BAR1  memoria 0xd0000000  (prefetch)
    BAR3  memoria 0xfc000000
    cfg 00: de 10 e5 07 07 00 b0 00 a2 00 00 03 00 00 00 